1;2
0 0 2;0 0 0;1 1 1;1 1 1
-0,01554406 0,448718 0;-0,01346155 0,448718 0,007772028;-0,2333333 0,3910256 0,134715;255 165 0
-0,01554406 0,448718 0;-0,26943 0,3910256 0;-0,2333333 0,3910256 0,134715;255 165 0
-0,26943 0,3910256 0;-0,2333333 0,3910256 0,134715;-0,4083332 0,1538462 0,2357513;255 165 0
-0,26943 0,3910256 0;-0,4715025 0,1538462 0;-0,4083332 0,1538462 0,2357513;255 165 0
-0,4715025 0,1538462 0;-0,4083332 0,1538462 0,2357513;-0,453205 -0,006410256 0,261658;255 165 0
-0,4715025 0,1538462 0;-0,523316 -0,006410256 0;-0,453205 -0,006410256 0,261658;255 165 0
-0,523316 -0,006410256 0;-0,453205 -0,006410256 0,261658;-0,4307691 -0,1410256 0,2487047;255 165 0
-0,523316 -0,006410256 0;-0,4974093 -0,1410256 0;-0,4307691 -0,1410256 0,2487047;255 165 0
-0,4974093 -0,1410256 0;-0,4307691 -0,1410256 0,2487047;-0,2198717 -0,3782051 0,126943;255 165 0
-0,4974093 -0,1410256 0;-0,253886 -0,3782051 0;-0,2198717 -0,3782051 0,126943;255 165 0
-0,253886 -0,3782051 0;-0,2198717 -0,3782051 0,126943;-0,004487148 -0,4551282 0,002590656;255 165 0
-0,253886 -0,3782051 0;-0,005181313 -0,4551282 0;-0,004487148 -0,4551282 0,002590656;255 165 0
-0,01346155 0,448718 0,007772028;-0,007772028 0,448718 0,01346155;-0,134715 0,3910256 0,2333333;255 165 0
-0,01346155 0,448718 0,007772028;-0,2333333 0,3910256 0,134715;-0,134715 0,3910256 0,2333333;255 165 0
-0,2333333 0,3910256 0,134715;-0,134715 0,3910256 0,2333333;-0,2357513 0,1538462 0,4083332;255 165 0
-0,2333333 0,3910256 0,134715;-0,4083332 0,1538462 0,2357513;-0,2357513 0,1538462 0,4083332;255 165 0
-0,4083332 0,1538462 0,2357513;-0,2357513 0,1538462 0,4083332;-0,261658 -0,006410256 0,453205;255 165 0
-0,4083332 0,1538462 0,2357513;-0,453205 -0,006410256 0,261658;-0,261658 -0,006410256 0,453205;255 165 0
-0,453205 -0,006410256 0,261658;-0,261658 -0,006410256 0,453205;-0,2487047 -0,1410256 0,4307691;255 165 0
-0,453205 -0,006410256 0,261658;-0,4307691 -0,1410256 0,2487047;-0,2487047 -0,1410256 0,4307691;255 165 0
-0,4307691 -0,1410256 0,2487047;-0,2487047 -0,1410256 0,4307691;-0,126943 -0,3782051 0,2198717;255 165 0
-0,4307691 -0,1410256 0,2487047;-0,2198717 -0,3782051 0,126943;-0,126943 -0,3782051 0,2198717;255 165 0
-0,2198717 -0,3782051 0,126943;-0,126943 -0,3782051 0,2198717;-0,002590656 -0,4551282 0,004487148;255 165 0
-0,2198717 -0,3782051 0,126943;-0,004487148 -0,4551282 0,002590656;-0,002590656 -0,4551282 0,004487148;255 165 0
-0,007772028 0,448718 0,01346155;6,794523E-10 0,448718 0,01554406;1,177716E-08 0,3910256 0,26943;255 165 0
-0,007772028 0,448718 0,01346155;-0,134715 0,3910256 0,2333333;1,177716E-08 0,3910256 0,26943;255 165 0
-0,134715 0,3910256 0,2333333;1,177716E-08 0,3910256 0,26943;2,061003E-08 0,1538462 0,4715025;255 165 0
-0,134715 0,3910256 0,2333333;-0,2357513 0,1538462 0,4083332;2,061003E-08 0,1538462 0,4715025;255 165 0
-0,2357513 0,1538462 0,4083332;2,061003E-08 0,1538462 0,4715025;2,287487E-08 -0,006410256 0,523316;255 165 0
-0,2357513 0,1538462 0,4083332;-0,261658 -0,006410256 0,453205;2,287487E-08 -0,006410256 0,523316;255 165 0
-0,261658 -0,006410256 0,453205;2,287487E-08 -0,006410256 0,523316;2,174245E-08 -0,1410256 0,4974093;255 165 0
-0,261658 -0,006410256 0,453205;-0,2487047 -0,1410256 0,4307691;2,174245E-08 -0,1410256 0,4974093;255 165 0
-0,2487047 -0,1410256 0,4307691;2,174245E-08 -0,1410256 0,4974093;1,109771E-08 -0,3782051 0,253886;255 165 0
-0,2487047 -0,1410256 0,4307691;-0,126943 -0,3782051 0,2198717;1,109771E-08 -0,3782051 0,253886;255 165 0
-0,126943 -0,3782051 0,2198717;1,109771E-08 -0,3782051 0,253886;2,264824E-10 -0,4551282 0,005181313;255 165 0
-0,126943 -0,3782051 0,2198717;-0,002590656 -0,4551282 0,004487148;2,264824E-10 -0,4551282 0,005181313;255 165 0
6,794523E-10 0,448718 0,01554406;0,007772029 0,448718 0,01346155;0,134715 0,3910256 0,2333333;255 165 0
6,794523E-10 0,448718 0,01554406;1,177716E-08 0,3910256 0,26943;0,134715 0,3910256 0,2333333;255 165 0
1,177716E-08 0,3910256 0,26943;0,134715 0,3910256 0,2333333;0,2357513 0,1538462 0,4083332;255 165 0
1,177716E-08 0,3910256 0,26943;2,061003E-08 0,1538462 0,4715025;0,2357513 0,1538462 0,4083332;255 165 0
2,061003E-08 0,1538462 0,4715025;0,2357513 0,1538462 0,4083332;0,261658 -0,006410256 0,453205;255 165 0
2,061003E-08 0,1538462 0,4715025;2,287487E-08 -0,006410256 0,523316;0,261658 -0,006410256 0,453205;255 165 0
2,287487E-08 -0,006410256 0,523316;0,261658 -0,006410256 0,453205;0,2487047 -0,1410256 0,4307691;255 165 0
2,287487E-08 -0,006410256 0,523316;2,174245E-08 -0,1410256 0,4974093;0,2487047 -0,1410256 0,4307691;255 165 0
2,174245E-08 -0,1410256 0,4974093;0,2487047 -0,1410256 0,4307691;0,126943 -0,3782051 0,2198717;255 165 0
2,174245E-08 -0,1410256 0,4974093;1,109771E-08 -0,3782051 0,253886;0,126943 -0,3782051 0,2198717;255 165 0
1,109771E-08 -0,3782051 0,253886;0,126943 -0,3782051 0,2198717;0,002590657 -0,4551282 0,004487148;255 165 0
1,109771E-08 -0,3782051 0,253886;2,264824E-10 -0,4551282 0,005181313;0,002590657 -0,4551282 0,004487148;255 165 0
0,007772029 0,448718 0,01346155;0,01346155 0,448718 0,007772029;0,2333333 0,3910256 0,134715;255 165 0
0,007772029 0,448718 0,01346155;0,134715 0,3910256 0,2333333;0,2333333 0,3910256 0,134715;255 165 0
0,134715 0,3910256 0,2333333;0,2333333 0,3910256 0,134715;0,4083332 0,1538462 0,2357513;255 165 0
0,134715 0,3910256 0,2333333;0,2357513 0,1538462 0,4083332;0,4083332 0,1538462 0,2357513;255 165 0
0,2357513 0,1538462 0,4083332;0,4083332 0,1538462 0,2357513;0,453205 -0,006410256 0,261658;255 165 0
0,2357513 0,1538462 0,4083332;0,261658 -0,006410256 0,453205;0,453205 -0,006410256 0,261658;255 165 0
0,261658 -0,006410256 0,453205;0,453205 -0,006410256 0,261658;0,4307691 -0,1410256 0,2487047;255 165 0
0,261658 -0,006410256 0,453205;0,2487047 -0,1410256 0,4307691;0,4307691 -0,1410256 0,2487047;255 165 0
0,2487047 -0,1410256 0,4307691;0,4307691 -0,1410256 0,2487047;0,2198717 -0,3782051 0,126943;255 165 0
0,2487047 -0,1410256 0,4307691;0,126943 -0,3782051 0,2198717;0,2198717 -0,3782051 0,126943;255 165 0
0,126943 -0,3782051 0,2198717;0,2198717 -0,3782051 0,126943;0,004487148 -0,4551282 0,002590657;255 165 0
0,126943 -0,3782051 0,2198717;0,002590657 -0,4551282 0,004487148;0,004487148 -0,4551282 0,002590657;255 165 0
0,01346155 0,448718 0,007772029;0,01554406 0,448718 -1,358905E-09;0,26943 0,3910256 -2,355432E-08;255 165 0
0,01346155 0,448718 0,007772029;0,2333333 0,3910256 0,134715;0,26943 0,3910256 -2,355432E-08;255 165 0
0,2333333 0,3910256 0,134715;0,26943 0,3910256 -2,355432E-08;0,4715025 0,1538462 -4,122006E-08;255 165 0
0,2333333 0,3910256 0,134715;0,4083332 0,1538462 0,2357513;0,4715025 0,1538462 -4,122006E-08;255 165 0
0,4083332 0,1538462 0,2357513;0,4715025 0,1538462 -4,122006E-08;0,523316 -0,006410256 -4,574974E-08;255 165 0
0,4083332 0,1538462 0,2357513;0,453205 -0,006410256 0,261658;0,523316 -0,006410256 -4,574974E-08;255 165 0
0,453205 -0,006410256 0,261658;0,523316 -0,006410256 -4,574974E-08;0,4974093 -0,1410256 -4,348491E-08;255 165 0
0,453205 -0,006410256 0,261658;0,4307691 -0,1410256 0,2487047;0,4974093 -0,1410256 -4,348491E-08;255 165 0
0,4307691 -0,1410256 0,2487047;0,4974093 -0,1410256 -4,348491E-08;0,253886 -0,3782051 -2,219542E-08;255 165 0
0,4307691 -0,1410256 0,2487047;0,2198717 -0,3782051 0,126943;0,253886 -0,3782051 -2,219542E-08;255 165 0
0,2198717 -0,3782051 0,126943;0,253886 -0,3782051 -2,219542E-08;0,005181313 -0,4551282 -4,529647E-10;255 165 0
0,2198717 -0,3782051 0,126943;0,004487148 -0,4551282 0,002590657;0,005181313 -0,4551282 -4,529647E-10;255 165 0
0,01554406 0,448718 -1,358905E-09;0,01346155 0,448718 -0,007772028;0,2333333 0,3910256 -0,134715;255 165 0
0,01554406 0,448718 -1,358905E-09;0,26943 0,3910256 -2,355432E-08;0,2333333 0,3910256 -0,134715;255 165 0
0,26943 0,3910256 -2,355432E-08;0,2333333 0,3910256 -0,134715;0,4083332 0,1538462 -0,2357513;255 165 0
0,26943 0,3910256 -2,355432E-08;0,4715025 0,1538462 -4,122006E-08;0,4083332 0,1538462 -0,2357513;255 165 0
0,4715025 0,1538462 -4,122006E-08;0,4083332 0,1538462 -0,2357513;0,453205 -0,006410256 -0,261658;255 165 0
0,4715025 0,1538462 -4,122006E-08;0,523316 -0,006410256 -4,574974E-08;0,453205 -0,006410256 -0,261658;255 165 0
0,523316 -0,006410256 -4,574974E-08;0,453205 -0,006410256 -0,261658;0,4307691 -0,1410256 -0,2487047;255 165 0
0,523316 -0,006410256 -4,574974E-08;0,4974093 -0,1410256 -4,348491E-08;0,4307691 -0,1410256 -0,2487047;255 165 0
0,4974093 -0,1410256 -4,348491E-08;0,4307691 -0,1410256 -0,2487047;0,2198717 -0,3782051 -0,126943;255 165 0
0,4974093 -0,1410256 -4,348491E-08;0,253886 -0,3782051 -2,219542E-08;0,2198717 -0,3782051 -0,126943;255 165 0
0,253886 -0,3782051 -2,219542E-08;0,2198717 -0,3782051 -0,126943;0,004487148 -0,4551282 -0,002590656;255 165 0
0,253886 -0,3782051 -2,219542E-08;0,005181313 -0,4551282 -4,529647E-10;0,004487148 -0,4551282 -0,002590656;255 165 0
0,01346155 0,448718 -0,007772028;0,007772027 0,448718 -0,01346155;0,134715 0,3910256 -0,2333333;255 165 0
0,01346155 0,448718 -0,007772028;0,2333333 0,3910256 -0,134715;0,134715 0,3910256 -0,2333333;255 165 0
0,2333333 0,3910256 -0,134715;0,134715 0,3910256 -0,2333333;0,2357512 0,1538462 -0,4083332;255 165 0
0,2333333 0,3910256 -0,134715;0,4083332 0,1538462 -0,2357513;0,2357512 0,1538462 -0,4083332;255 165 0
0,4083332 0,1538462 -0,2357513;0,2357512 0,1538462 -0,4083332;0,261658 -0,006410256 -0,453205;255 165 0
0,4083332 0,1538462 -0,2357513;0,453205 -0,006410256 -0,261658;0,261658 -0,006410256 -0,453205;255 165 0
0,453205 -0,006410256 -0,261658;0,261658 -0,006410256 -0,453205;0,2487046 -0,1410256 -0,4307691;255 165 0
0,453205 -0,006410256 -0,261658;0,4307691 -0,1410256 -0,2487047;0,2487046 -0,1410256 -0,4307691;255 165 0
0,4307691 -0,1410256 -0,2487047;0,2487046 -0,1410256 -0,4307691;0,126943 -0,3782051 -0,2198717;255 165 0
0,4307691 -0,1410256 -0,2487047;0,2198717 -0,3782051 -0,126943;0,126943 -0,3782051 -0,2198717;255 165 0
0,2198717 -0,3782051 -0,126943;0,126943 -0,3782051 -0,2198717;0,002590656 -0,4551282 -0,004487148;255 165 0
0,2198717 -0,3782051 -0,126943;0,004487148 -0,4551282 -0,002590656;0,002590656 -0,4551282 -0,004487148;255 165 0
0,007772027 0,448718 -0,01346155;-1,85361E-10 0,448718 -0,01554406;-3,212921E-09 0,3910256 -0,26943;255 165 0
0,007772027 0,448718 -0,01346155;0,134715 0,3910256 -0,2333333;-3,212921E-09 0,3910256 -0,26943;255 165 0
0,134715 0,3910256 -0,2333333;-3,212921E-09 0,3910256 -0,26943;-5,622612E-09 0,1538462 -0,4715025;255 165 0
0,134715 0,3910256 -0,2333333;0,2357512 0,1538462 -0,4083332;-5,622612E-09 0,1538462 -0,4715025;255 165 0
0,2357512 0,1538462 -0,4083332;-5,622612E-09 0,1538462 -0,4715025;-6,240481E-09 -0,006410256 -0,523316;255 165 0
0,2357512 0,1538462 -0,4083332;0,261658 -0,006410256 -0,453205;-6,240481E-09 -0,006410256 -0,523316;255 165 0
0,261658 -0,006410256 -0,453205;-6,240481E-09 -0,006410256 -0,523316;-5,931547E-09 -0,1410256 -0,4974093;255 165 0
0,261658 -0,006410256 -0,453205;0,2487046 -0,1410256 -0,4307691;-5,931547E-09 -0,1410256 -0,4974093;255 165 0
0,2487046 -0,1410256 -0,4307691;-5,931547E-09 -0,1410256 -0,4974093;-3,02756E-09 -0,3782051 -0,253886;255 165 0
0,2487046 -0,1410256 -0,4307691;0,126943 -0,3782051 -0,2198717;-3,02756E-09 -0,3782051 -0,253886;255 165 0
0,126943 -0,3782051 -0,2198717;-3,02756E-09 -0,3782051 -0,253886;-6,178653E-11 -0,4551282 -0,005181313;255 165 0
0,126943 -0,3782051 -0,2198717;0,002590656 -0,4551282 -0,004487148;-6,178653E-11 -0,4551282 -0,005181313;255 165 0
-1,85361E-10 0,448718 -0,01554406;-0,007772027 0,448718 -0,01346155;-0,134715 0,3910256 -0,2333333;255 165 0
-1,85361E-10 0,448718 -0,01554406;-3,212921E-09 0,3910256 -0,26943;-0,134715 0,3910256 -0,2333333;255 165 0
-3,212921E-09 0,3910256 -0,26943;-0,134715 0,3910256 -0,2333333;-0,2357512 0,1538462 -0,4083332;255 165 0
-3,212921E-09 0,3910256 -0,26943;-5,622612E-09 0,1538462 -0,4715025;-0,2357512 0,1538462 -0,4083332;255 165 0
-5,622612E-09 0,1538462 -0,4715025;-0,2357512 0,1538462 -0,4083332;-0,261658 -0,006410256 -0,453205;255 165 0
-5,622612E-09 0,1538462 -0,4715025;-6,240481E-09 -0,006410256 -0,523316;-0,261658 -0,006410256 -0,453205;255 165 0
-6,240481E-09 -0,006410256 -0,523316;-0,261658 -0,006410256 -0,453205;-0,2487046 -0,1410256 -0,4307691;255 165 0
-6,240481E-09 -0,006410256 -0,523316;-5,931547E-09 -0,1410256 -0,4974093;-0,2487046 -0,1410256 -0,4307691;255 165 0
-5,931547E-09 -0,1410256 -0,4974093;-0,2487046 -0,1410256 -0,4307691;-0,126943 -0,3782051 -0,2198717;255 165 0
-5,931547E-09 -0,1410256 -0,4974093;-3,02756E-09 -0,3782051 -0,253886;-0,126943 -0,3782051 -0,2198717;255 165 0
-3,02756E-09 -0,3782051 -0,253886;-0,126943 -0,3782051 -0,2198717;-0,002590656 -0,4551282 -0,004487148;255 165 0
-3,02756E-09 -0,3782051 -0,253886;-6,178653E-11 -0,4551282 -0,005181313;-0,002590656 -0,4551282 -0,004487148;255 165 0
-0,007772027 0,448718 -0,01346155;-0,01346155 0,448718 -0,007772031;-0,2333332 0,3910256 -0,1347151;255 165 0
-0,007772027 0,448718 -0,01346155;-0,134715 0,3910256 -0,2333333;-0,2333332 0,3910256 -0,1347151;255 165 0
-0,134715 0,3910256 -0,2333333;-0,2333332 0,3910256 -0,1347151;-0,4083332 0,1538462 -0,2357514;255 165 0
-0,134715 0,3910256 -0,2333333;-0,2357512 0,1538462 -0,4083332;-0,4083332 0,1538462 -0,2357514;255 165 0
-0,2357512 0,1538462 -0,4083332;-0,4083332 0,1538462 -0,2357514;-0,4532049 -0,006410256 -0,2616581;255 165 0
-0,2357512 0,1538462 -0,4083332;-0,261658 -0,006410256 -0,453205;-0,4532049 -0,006410256 -0,2616581;255 165 0
-0,261658 -0,006410256 -0,453205;-0,4532049 -0,006410256 -0,2616581;-0,4307691 -0,1410256 -0,2487048;255 165 0
-0,261658 -0,006410256 -0,453205;-0,2487046 -0,1410256 -0,4307691;-0,4307691 -0,1410256 -0,2487048;255 165 0
-0,2487046 -0,1410256 -0,4307691;-0,4307691 -0,1410256 -0,2487048;-0,2198717 -0,3782051 -0,126943;255 165 0
-0,2487046 -0,1410256 -0,4307691;-0,126943 -0,3782051 -0,2198717;-0,2198717 -0,3782051 -0,126943;255 165 0
-0,126943 -0,3782051 -0,2198717;-0,2198717 -0,3782051 -0,126943;-0,004487148 -0,4551282 -0,002590657;255 165 0
-0,126943 -0,3782051 -0,2198717;-0,002590656 -0,4551282 -0,004487148;-0,004487148 -0,4551282 -0,002590657;255 165 0
-0,01554406 0,448718 0;-0,01346155 0,448718 -0,007772031;-0,2333332 0,3910256 -0,1347151;255 165 0
-0,01554406 0,448718 0;-0,26943 0,3910256 0;-0,2333332 0,3910256 -0,1347151;255 165 0
-0,26943 0,3910256 0;-0,2333332 0,3910256 -0,1347151;-0,4083332 0,1538462 -0,2357514;255 165 0
-0,26943 0,3910256 0;-0,4715025 0,1538462 0;-0,4083332 0,1538462 -0,2357514;255 165 0
-0,4715025 0,1538462 0;-0,4083332 0,1538462 -0,2357514;-0,4532049 -0,006410256 -0,2616581;255 165 0
-0,4715025 0,1538462 0;-0,523316 -0,006410256 0;-0,4532049 -0,006410256 -0,2616581;255 165 0
-0,523316 -0,006410256 0;-0,4532049 -0,006410256 -0,2616581;-0,4307691 -0,1410256 -0,2487048;255 165 0
-0,523316 -0,006410256 0;-0,4974093 -0,1410256 0;-0,4307691 -0,1410256 -0,2487048;255 165 0
-0,4974093 -0,1410256 0;-0,4307691 -0,1410256 -0,2487048;-0,2198717 -0,3782051 -0,126943;255 165 0
-0,4974093 -0,1410256 0;-0,253886 -0,3782051 0;-0,2198717 -0,3782051 -0,126943;255 165 0
-0,253886 -0,3782051 0;-0,2198717 -0,3782051 -0,126943;-0,004487148 -0,4551282 -0,002590657;255 165 0
-0,253886 -0,3782051 0;-0,005181313 -0,4551282 0;-0,004487148 -0,4551282 -0,002590657;255 165 0
